2224
41545
22812
30461
60136
39857
33018
20952
40077
28762
48026
1192
46632
53673
25130
54629
29242
45712
52144
22146
59693
4701
2603
5395
37867
19217
58778
42718
10172
60755
9468
18594
40
286
47024
33792
36729
51620
38328
1088
16881
37160
41797
46812
948
11958
44616
4999
8989
55339
54085
21669
41520
55031
33838
4081
36569
4552
53280
60661
40085
18719
55463
48789
49051
56524
65491
31883
52052
62690
58741
6990
16616
48675
53254
2781
20523
55301
25357
55746
8897
9810
16287
40713
34703
33089
18443
3787
63898
37377
7234
34529
22948
56955
5398
42819
60198
14905
36761
49429
46231
42025
64421
19268
5479
60747
34651
47555
39800
17383
53574
20285
4801
5525
6762
28380
48614
22695
35921
24198
15119
42901
19602
32832
65073
9974
64063
40276
34532
44286
31143
42353
42180
20534
31485
6697
42888
26297
16411
33079
16632
8157
53229
35111
64339
35855
64071
53673
24740
59904
30850
28131
33655
361
46338
35179
22789
51925
43421
2726
58724
32086
6463
29970
21723
46814
43030
42542
53057
63181
60871
44540
48342
13286
12822
64343
52286
25560
44378
16922
55459
17183
44603
61532
45741
17443
11441
9840
14403
64744
2713
1396
23332
44817
29510
49228
3703
7958
37147
17678
15646
8544
47312
3951
9828
22229
31195
57843
58071
4727
61648
51644
34756
24421
44895
6663
58205
28124
27828
34585
11845
10071
3060
26228
14093
27015
58453
29331
29158
3599
21108
31858
18426
54776
41951
54278
57207
62367
18496
9228
5369
61776
46444
11199
18823
17747
41284
29817
6977
64211
39903
34794
52080
27003
57907
38907
32748
16521
39869
12741
20802
60738
63595
54099
8126
9464
40485
52951
63679
40882
2596
12098
49409
42782
28945
39098
18600
21792
60630
52391
41052
19228
34701
23593
52500
26280
49928
40479
63211
56915
25491
34401
8333
8580
32221
64602
58643
30163
33438
42517
52000
16961
25125
19562
25286
12891
64840
27499
43444
18498
15305
47557
29487
51541
2417
24793
49475
58887
40378
55257
57101
36478
13753
19669
31432
4885
26588
55620
9764
48701
33888
27286
17936
19610
53136
60713
11668
5308
33488
28281
35498
25099
21181
15664
28154
21078
6744
39107
40875
50016
20625
63781
2469
10741
7659
61365
15379
42680
32353
55105
16465
14943
34789
6226
29422
33656
4676
29339
11045
8091
61987
11066
55181
20785
18538
64329
35056
24036
4599
20848
55153
45299
56131
48680
42964
58336
59589
60164
45246
42944
8688
9308
9967
9736
59729
32745
44379
55634
52131
60660
24478
24942
35074
49519
29701
17000
39371
36184
50035
26723
37813
28979
21003
19013
3669
55117
24832
30621
8145
6260
22893
41763
48709
15828
3838
63196
12223
6431
4247
55729
56437
21539
29316
46134
58625
51210
14837
41966
39753
27760
12880
7560
43125
60966
60185
63478
14224
36461
11854
14255
53900
17575
50219
45965
55805
22409
32740
38796
11659
15971
39385
9599
65498
47471
23739
27892
8973
46830
19735
6689
50911
62802
45815
50186
34142
60973
56640
9360
19298
42217
31517
32175
44151
36211
64132
48754
17216
7251
18729
9220
3485
20817
32683
32858
9005
61984
39805
44056
35833
22963
17299
9487
26443
1353
50099
27220
32681
4089
41988
16985
2894
60118
2689
64321
55321
2338
1189
41503
55660
18284
56622
42652
52653
18480
15936
61159
64240
15133
26710
52980
19973
52071
41885
63240
8246
45077
235
21563
44389
23818
53920
8743
43346
3861
8635
27651
12048
14005
367
54476
29629
38606
37096
22094
42391
9335
55506
26146
21690
21900
30233
33327
50028
31566
13836
64562
54108
36548
51026
10666
45895
25775
24546
6962
26709
10365
30643
10369
14101
46886
21398
62640
25849
38552
16540
54756
56218
53838
53244
35761
42522
40058
45795
62774
50668
47785
44534
37657
25269
10139
31530
26199
16240
10
59142
33764
47500
30711
26997
6693
27660
53162
25529
51472
7192
50539
55701
62510
34220
61715
19728
1846
22663
37752
36621
44719
36687
21362
9545
30271
53158
61172
62585
35445
45369
16146
23950
64428
22249
58276
62375
36909
22281
13555
30585
13395
25074
37330
18659
27950
47037
1237
629
58530
21063
28223
18729
33257
42742
43043
61027
22197
14114
24864
36933
35942
28158
65171
48668
1487
55937
43775
61702
30102
62044
40818
7578
38676
46051
45216
20239
11346
40708
37086
16639
34693
15450
4433
48892
9551
23651
56435
15026
10149
10970
46413
26316
2926
25316
42803
10316
30013
21241
54267
7646
26647
55965
43161
44824
9267
15227
19538
47325
36767
2632
39728
49738
44898
1379
2974
17271
59869
20164
34591
5702
39657
59237
43362
9921
50017
13222
38257
62864
10593
21741
53544
24708
12298
52400
28955
25920
42471
58147
36212
31996
11240
57132
6409
43027
3326
8596
2336
63925
5004
33146
27813
14449
20122
59242
59110
5507
49497
38496
43689
17160
39920
2397
57559
54995
6502
61655
36914
34000
13267
1994
64512
16073
37370
64629
50275
12437
59575
1942
16003
13549
21193
32167
49929
10593
11174
21451
32992
46169
55657
23637
34582
28765
49089
47383
42296
10402
44459
29366
52191
7689
23058
18318
14786
46596
38102
2393
55929
40924
22992
27250
19909
23925
57061
181
32408
15539
30046
53454
2744
35498
56649
42942
60626
5017
45212
21788
30076
40769
20182
58975
6699
57807
12622
60775
38329
31628
37085
45510
17223
56872
36551
45184
9174
55990
45447
47072
10153
57624
2570
10309
51229
38203
5134
52880
52187
57861
46090
31762
59388
33266
13141
64093
27498
35777
59347
31183
63609
47896
13314
53161
41483
19264
42665
10059
20284
33320
25375
35010
47453
50405
21626
20670
30176
55909
29401
27208
30481
3582
2859
31910
5462
14177
17142
63163
48508
24916
15258
51311
43403
18928
18177
321
52938
18127
39772
29824
20406
2891
10326
59101
2405
20402
28312
20901
11230
41807
5771
5299
33342
39381
5509
54524
5263
44065
21723
35089
63506
17897
25955
21188
28117
41643
63372
11359
14545
60863
48377
50130
24283
2212
28802
46627
14528
61683
62716
33911
55259
55851
32373
20923
51474
8097
17623
44822
12347
32294
20074
23950
4589
58351
62657
4049
32503
17892
9086
28343
45620
35984
15899
12781
12735
58802
42264
14975
44418
50068
2939
45794
53609
3437
2057
9777
7974
36385
25068
55871
21653
27964
41794
1280
65312
27379
7473
28863
56235
